0 -3.172 -0.2800001
1 -2.492 -0.5200001
2 -1.78 -0.7360001
3 -1.156 -1.032
4 -0.4280003 -1.216
5 0.3 -1.448
6 1.036 -1.736
7 1.684 -1.976
8 -2.804 0.3679999
9 -2.092 0.2
10 -1.428 -0.04000015
11 -0.7960003 -0.2720001
12 -0.1080002 -0.4880001
13 0.6439999 -0.7440001
14 1.324 -1.016
15 1.996 -1.192
16 -2.428 1.024
17 -1.772 0.8159998
18 -1.084 0.624
19 -0.4360001 0.3839998
20 0.2200001 0.1599998
21 0.9319996 -0.06400013
22 1.62 -0.2800001
23 2.308 -0.5040001
24 -2.052 1.616
25 -1.42 1.424
26 -0.7880001 1.24
27 -0.132 1.032
28 0.548 0.808
29 1.3 0.5999998
30 1.94 0.408
31 2.652 0.216
32 -1.756 2.256
33 -1.076 2.056
34 -0.4360001 1.872
35 0.2119999 1.648
36 0.8520001 1.464
37 1.564 1.232
38 2.26 1.08
39 2.932 0.8559999
40 -1.396 2.864
41 -0.7720001 2.672
42 -0.116 2.472
43 0.5399998 2.264
44 1.14 2.056
45 1.884 1.832
46 2.492 1.664
47 3.212 1.472
48 -1.052 3.44
49 -0.4040001 3.224
50 0.2200001 3.064
51 0.8679997 2.896
52 1.492 2.64
53 2.164 2.448
54 2.82 2.28
55 3.5 2.12
56 -0.716 3.992
57 -0.1080002 3.824
58 0.5239998 3.616
59 1.124 3.472
60 1.796 3.256
61 2.468 3.072
62 3.092 2.904
63 3.74 2.712

